Square Concrete -0.990000 0.900000 0.000000 0.990000 0.900000 0.000000 0.990000 -0.900000 0.000000 -0.990000 -0.900000 0.000000 140 140 140 1.000000
Square Grass -0.115000 0.700000 0.000000 0.870000 0.700000 0.000000 0.870000 -0.001000 0.000000 -0.115000 -0.001000 0.000000 9 170 75 1.000000
Square dGrass -0.300000 0.700000 0.000000 0.265000 0.700000 0.000000 -0.330000 -0.500000 0.000000 -0.875000 -0.500000 0.000000 9 170 75 1.000000
Square river 0.215000 0.700000 0.000000 0.435000 0.700000 0.000000 0.435000 -0.001000 0.000000 0.215000 -0.001000 0.000000 10 54 125 1.000000
Triangle bottomCorner -0.330000 -0.470000 0.000000 -0.450000 -0.470000 0.000000 -0.200000 -0.270000 0.000000 214 169 21 1.000000
Triangle topCorner -0.750000 -0.470000 0.000000 -0.830000 -0.325000 0.000000 -0.865000 -0.470000 0.000000 214 169 21 1.000000
Square tBorder -0.300000 0.700000 0.000000 0.875000 0.700000 0.000000 0.875000 0.672000 0.000000 -0.300000 0.672000 0.000000 87 19 6 1.000000
Square bBorder -0.085000 0.005000 0.000000 0.875000 0.005000 0.000000 0.875000 -0.025000 0.000000 -0.085000 -0.025000 0.000000 87 19 6 1.000000
Square lbBorder -0.875000 -0.470000 0.000000 -0.330000 -0.470000 0.000000 -0.330000 -0.500000 0.000000 -0.875000 -0.500000 0.000000 87 19 6 1.000000
Square dBorder -0.035000 0.005000 0.000000 -0.085000 0.005000 0.000000 -0.380000 -0.500000 0.000000 -0.330000 -0.500000 0.000000 87 19 6 1.000000
Square lBorder -0.300000 0.700000 0.000000 -0.275000 0.700000 0.000000 -0.875000 -0.500000 0.000000 -0.915000 -0.500000 0.000000 87 19 6 1.000000
Square rBorder 0.879000 0.700000 0.000000 0.850000 0.700000 0.000000 0.850000 -0.025000 0.000000 0.879000 -0.025000 0.000000 87 19 6 1.000000
Square bridge 0.200000 0.350000 0.000000 0.445000 0.350000 0.000000 0.445000 0.025000 0.000000 0.200000 0.025000 0.000000 80 100 16 1.000000
Square start 0.700000 0.660000 0.000000 0.850000 0.660000 0.000000 0.850000 0.061000 0.000000 0.700000 0.061000 0.000000 128 0 1 1.000000
Square box 0.438000 0.450000 0.000000 0.483000 0.450000 0.000000 0.483000 0.300000 0.000000 0.438000 0.300000 0.000000 148 40 60 1.000000
Circle hole -0.500000 -0.270000 0.000000 0.045000 50 0.000000 240 99 242 1.000000
Circle golfBall 0.750000 0.150000 0.000000 0.030000 9 0.000000 255 255 255 1.000000
Circle rObstacle 0.482000 0.476000 0.000000 0.035565 18 0.000000 214 127 60 1.000000
Circle rObstacle_copy 0.107000 0.476000 0.000000 0.102000 18 0.000000 214 127 60 1.000000
